8045.783875266582
8168.223559164901
8723.981998534438
8341.445183552727
8701.852365446006
7946.190168390557
8192.62184293501
8678.94671538866
8667.42581735255
8844.737373646762
8992.20765370958
8910.36555823227
9131.503182291035
8924.817861539586
8840.638387545745
8868.209704231185
8640.65659364283
8670.606545260513
8742.017789874479
8733.752140481542
8713.08598560088
8509.82306473496
8645.08053843273
8831.729550184611
8679.675187931796
8694.82068242016
8756.747971752033
8757.05766020852
8816.60365663408
8650.63430874661
8733.17889591819
8633.696022002036
7911.243039802428
7770.81697632561
7858.923797021361
7942.10201008292
7813.406038042968
7847.73516818406
7926.423559223708
7966.389399853775
8042.432985322995
8188.690989351322
8753.685281012662
8642.996143938259
8143.48705601428
8371.408728791745
7848.660836323785
8207.282863293065
7263.395490423818
7891.035727840754
7629.5182628667335
8398.169065308886
8298.083488059505
8558.8532294163
8454.804147424851
8591.73694393609
8837.29082390792
8795.210761509621
8586.741784948988
8232.257391789206
